16010843
18331008
18344765
24849788
40796153
54341418
77383909
144763386
148166408
162473622
238066246
242631207
250371834
262406779
264147252
279578740
284176883
314191730
330029667
350068617
356373666
356575058
360655505
386137890
388515264
391673855
395939841
419795609
436008951
437548442
439871909
469702595
483345416
490531943
494687647
594805564
736252125
983287008
984101359
1001770973
1050691800
1053109763
1140464290
1149426637
1187977656
1194536067
1195450043
1200264082
1211940171
1212422441
1218084877
1221274534
1270637948
1272206361
1281014367
1283858700
1285559558
1318631353
1318631523
1328827957
1329163091
1348536122
1349267080
1374197509
1379766109
1379766142
1388474285
1435759539
1532377103
1543817893
1598088556
1625349434
1714840452
1714840797
1777626236
1797773988
1864683076
1931578157
2024011580
2024011999
2064974985
2083579677
2123417582
2145663546
2146508715
2256608854
2259866279
2262316391
2301353002
2321796270
2333528850
2426806782
2482570048
2496802951
2505824089
2565150902
2583768085
2595195942
2603176217
2618678749
2632085428
2671430927
2693061867
2718211873
2726356493
2799905977
2827445347
2841853665
2852586560
2855239272
2855984647
2914689074
2924446720
2965407432
2983449698
2996386211
3073222372
3109541909
3115517852
3164798296
3216865112
3239975125
3264218601
3290032399
3312879344
3407577681
3419798708
3441114858
3458842082
3470162568
3535403416
3592764323
3602752768
3603894122
3609388000
3703531410
3765406241
3881637963
3945009880
3949347811
3977466760
3995502882
4036608844
4053443608
4087884203
4117081935
4158639603
4164593187
4276666554
4535535247
4551492987
4582624295
4650225605
4711160966
4712682526
4753672673
4773479019
4773512212
4774770162
4794470385
4794474793
4875763667
4897578114
4909315337
4909620878
4943571673
4960341552
4966140963
4983765370
4984916168
4992529292
4997518754
5029808832
5033126048
5050686086
5053448329
5054491357
5056068385
5061623236
5067603307
5075898761
5076504603
5081213281
5098530373
5112183019
5141141696
5154844094
5252058015
5279954159
5290129173
5303344240
5352899328
5371577452
5397603277
5431393899
5431815356
5434237729
5435690395
5452977650
5474756363
5495261879
5544467278
5576797214
5586437835
5595223739
5598582095
5613144891
5619549325
5638991579
5647942454
5659588241
5690618681
5723308736
5729576304
5731174194
5738277402
5738776606
5758335176
5778377329
5796245284
5797804154
5808594212
5819922392
5824959180
5847121227
5848500188
5862123140
5879205908
5898018385
5902221621
5903378198
5927640268
5938815067
5952176139
5952179565
5963949998
6011781777
6030857237
6039134810
6053547275
6059202395
6061787981
6091274786
6112683326
6118505398
6144163653
6169036788
6191324121
6198571371
6212697596
6212702680
6216134781
6216137071
6230523137
6230912302
6267662885
6289434532
6292834624
6300383636
6301803273
6314395687
6323342958
6324212914
6335195891
6347595151
6347599564
6355916282
6360831921
6378190673
6383500481
6401639519
6472546977
6478820083
6497797685
6501843369
6506915714
6525985961
6532511597
6549885889
6554742599
6558412026
6563914008
6565271351
6593058544
6610544674
6712794790
6738787426
6777085154
6787817286
6787859329
6801485544
6804444678
6805033528
6819658021
6833084131
6857503382
6877028886
6906960776
6966529861
6995572425
6999835903
7004866526
7043772059
7162234216
7163030629
7218431717
7232391135
7233658565
7247855814
7258153766
7271843032
7301567988
7301890107
7333878906
7359619823
7362556813
7388373345
7388379055
7451333820
7452478033
7478233209
7503966698
7535223514
7584308251
7607081655
7668441085
7698440853
7737367889
7953935966
7963322858
7963323258
7969585127
7975361291
7990009662
8199944966
8379935433
8434749442
8511416210
8610570516
8618773916
8629415349
8658243707
8672865721
8807621808
8840303677
8918332974
8979461500
9249018618
9383256057
9551230659
9563261153
9743677731
9901714843
10001628895
10119867046
10152857385
10512262483
10766118748
10975979784
10999708100
11067104525
11080249676
11116836348
11125383819
11208576621
11848195242
11955191800
13582747279
13715618978
16115367246
16203991377
16424022638
17567062040
17569340252
18250687191
18674349608
19390952362
21446015013
21534024499
22246660518
23428149334
27725495033
28671776708
29322665392
29753773047
30315997947
30924694991
31416109665
33700918691
34154503319
35386694764
35763867517
36384873210
37120395373
37498057478
45986065579
46229709561
